516
457
521
471
448
428
955
733
715
619
542
422
393
321
320
258
306
302
257
246
236
223
722
1102
952
860
781
770
409
800
1011
934
884
671
381
346
343
493
732
1068
736
540
383
277
330
437
462
585
657
745
656
646
810
932
906
1059
1129
964
937
818
811
853
860
874
716
708
738
873
823
608
528
612
855
866
547
397
349
356
325
286
259
292
278
254
188
212
226
691
869
951
938
671
302
771
901
696
503
255
253
385
814
596
208
186
409
1057
1040
932
883
832
619
410
320
336
330
294
273
559
627
641
361
368
426
349
332
433
858
759
729
608
372
593
674
668
565
519
327
743
966
880
814
810
768
551
299
264
227
219
345
503
559
873
1047
1238
1556
1225
1079
969
976
960
1003
1354
1269
1017
1184
1141
1064
1140
1230
1137
1312
1449
1600
1054
624
300
291
382
248
241
231
239
324
168
230
239
374
581
513
412
717
1014
918
518
311
766
956
908
998
831
447
358
537
923
744
696
505
418
381
721
681
673
746
751
675
681
655
646
653
635
627
537
364
331
284
268
358
371
374
358
412
448
464
480
495
519
651
715
642
623
549
531
585
605
636
628
594
646
582
649
636
669
651
867
864
822
836
781
625
717
746
767
695
716
766
780
689
792
847
1181
933
756
769
858
855
764
832
827
696
710
675
651
576
637
677
798
683
552
366
408
316
285
200
215
298
289
238
224
207
292
811
831
582
421
387
383
323
270
225
325
400
420
480
502
482
525
680
1180
1113
976
1011
1119
1212
1299
1383
1428
1369
1224
1208
1381
1007
1138
990
1139
1651
1178
1027
932
1050
1162
1006
974
1053
693
296
367
301
299
228
407
1149
1025
879
415
267
241
309
777
902
850
931
626
269
235
501
991
975
689
570
694
654
997
909
996
946
479
346
406
766
804
850
799
725
541
386
331
406
349
407
332
255
266
321
353
331
334
328
345
510
775
774
568
484
383
390
382
394
402
430
368
397
413
465
433
477
608
735
563
443
422
459
441
276
193
159
139
155
136
223
206
373
665
658
428
358
281
268
254
221
195
593
1077
1036
901
445
206
206
439
614
456
540
561
398
299
263
244
481
723
793
818
614
254
279
926
845
656
920
964
926
868
870
346
287
282
241
198
211
190
672
916
1145
1034
848
344
303
255
217
286
490
563
437
406
419
612
706
661
825
1268
915
830
905
770
980
1092
948
1021
1027
1072
997
844
973
1105
968
1045
1269
961
791
1006
786
696
831
775
845
761
689
565
443
457
340
595
994
818
777
751
745
643
632
659
814
793
794
754
691
808
736
747
688
973
859
821
682
719
629
418
297
281
244
284
392
509
567
587
729
1018
937
774
874
757
896
794
746
721
815
854
736
891
974
839
822
850
1081
1001
909
881
962
932
899
787
589
609
468
496
485
532
517
1293
962
715
710
488
465
369
364
321
347
277
315
275
286
252
527
1235
1113
1109
1058
958
719
532
1182
1110
1095
913
586
429
362
421
610
785
914
790
575
442
343
329
481
529
667
705
847
841
802
872
967
1080
944
1042
982
886
924
860
1017
895
661
830
892
829
783
787
853
626
951
727
578
428
336
322
299
321
321
339
261
230
239
231
217
252
1030
1238
1105
1025
856
488
1099
975
894
777
319
338
405
742
753
420
624
710
733
832
1044
918
923
769
826
731
422
357
721
1230
1033
860
498
1137
1318
923
839
477
297
538
809
700
443
414
738
968
965
924
642
561
951
1158
1041
1013
935
763
398
285
247
252
206
171
159
138
142
126
571
1225
1167
1030
946
954
999
1030
1146
1082
1080
1172
1027
910
1031
1081
1050
1163
1062
1176
1147
1105
712
364
433
403
425
402
400
391
426
506
842
1055
1079
923
892
913
868
735
364
309
297
280
221
178
145
181
410
986
951
997
884
548
383
243
235
256
268
303
557
644
591
591
688
715
889
781
755
770
815
708
507
349
411
456
452
463
598
584
545
543
913
1072
751
751
697
648
493
533
519
594
534
520
581
581
544
570
552
659
662
512
488
469
485
443
382
412
428
460
397
413
379
351
418
621
715
582
491
463
501
566
394
316
234
307
309
333
295
251
295
597
598
357
304
173
382
291
193
160
170
364
313
257
193
214
553
715
694
547
509
398
371
319
222
259
353
485
534
486
527
555
572
761
1069
1066
1085
1115
1259
1168
1140
1083
1337
1201
1343
1260
1217
1230
1165
1216
1458
1168
1136
1191
1202
1314
1141
1163
1097
1127
1080
637
304
306
339
259
588
978
969
701
510
313
246
194
218
527
844
869
832
819
797
770
699
1183
984
952
761
905
875
832
765
735
573
432
326
307
323
302
404
551
707
743
715
431
428
540
427
408
637
662
656
671
665
600
705
770
908
711
616
531
308
286
189
206
237
178
169
