10
0
0
9
-33
35
-6
-34
43
-33
26
-26
8
15
-17
-7
12
0
0
-18
21
-10
-10
0
57
-46
15
-8
-1
19
12
-22
-3
-2
-20
20
12
4
-16
-25
30
-16
24
-9
18
-41
36
2
-15
20
-9
-32
29
-18
-13
54
-65
10
38
-14
14
-16
-8
-16
25
3
7
-20
24
-19
-1
22
-38
26
-20
20
-3
-3
-4
0
1
-7
10
2
14
-7
0
-9
11
21
-19
-8
-3
2
-3
8
-2
8
-18
18
-14
10
-5
0
13
-54
18
21
19
-17
1
-11
17
-15
8
-8
8
18
-44
43
-14
1
-4
4
-6
12
-26
14
13
-19
-9
38
-39
12
15
-4
-16
-11
36
-41
31
-18
22
-4
-2
0
0
-8
14
-10
-16
2
43
-26
4
-7
7
-15
0
35
-33
20
-35
3
-4
10
2
-17
7
11
-14
-13
13
32
-4
-2
0
-6
2
4
-3
-4
4
2
0
6
-13
5
-16
1
17
-20
43
-20
8
-18
19
16
-31
18
-17
5
-3
67
-79
8
20
-3
2
-8
-34
10
23
-17
-14
23
1
4
-20
9
13
8
-20
0
-6
3
8
-36
31
18
-10
-17
-1
17
11
-23
-15
44
11
-24
-12
-3
11
-23
-9
55
-38
3
16
-19
1
4
28
-20
-5
-6
-4
-7
16
0
4
-3
-9
2
37
-18
20
-42
9
14
-13
-5
2
2
-1
8
-8
37
-11
-7
-3
-2
-7
-4
26
-25
9
-11
7
-14
40
-20
0
-15
8
7
0
-2
11
-21
-1
13
-20
28
-12
1
2
2
0
-13
9
21
-2
-21
-5
0
61
14
-47
10
1
20
6
-16
-37
9
21
-10
-1
9
5
0
-14
15
-13
-3
17
-10
-7
19
-2
0
-24
19
4
-4
-5
1
-6
19
-3
-8
-13
10
-11
3
-11
2
26
-26
2
20
-5
2
1
32
-40
-21
6
20
-14
23
2
-6
-14
3
-3
4
0
-10
5
-4
21
-15
3
-3
2
-4
9
-17
4
-4
9
13
-14
11
-4
-3
8
50
-95
9
27
-15
30
-7
0
-18
-2
24
-28
64
-32
7
-30
2
-5
4
0
2
2
-2
1
6
-3
-1
2
0
-7
3
2
-16
26
-9
24
-12
-12
-1
-6
3
-16
-2
41
-21
19
-4
-1
-10
9
-7
-11
5
11
6
-13
6
-5
7
0
-11
13
-9
-4
-7
18
7
5
0
-15
10
-12
6
-8
-1
5
2
-4
3
25
1
-12
-24
11
-23
20
9
-1
7
14
-20
-14
-14
29
-9
11
-14
19
-14
62
-34
-36
1
35
-60
27
8
-35
31
28
-33
25
-28
-10
17
23
-50
17
29
-8
-15
3
7
9
-31
12
-13
8
15
8
-44
59
-61
27
3
23
4
-38
31
5
-19
-11
-12
-6
37
-11
-1
17
5
-30
7
17
-18
-2
9
-12
2
-3
10
24
-13
-38
26
2
-5
2
0
20
-8
11
-20
22
-22
-20
-6
12
-13
3
40
0
-20
-31
22
24
-19
34
-29
9
7
-14
-1
27
-45
17
30
-19
-2
29
-28
19
-15
0
0
1
-15
5
-9
3
4
-3
2
22
4
2
-22
14
-9
9
-25
28
-20
-21
0
12
2
13
-9
-15
-9
1
20
11
0
9
-11
22
-32
-6
33
-45
13
24
-4
-20
63
-57
25
-13
11
-33
0
27
14
-27
23
-36
36
-35
1
3
19
-6
-6
-6
21
-6
-7
4
-2
-12
19
-13
14
1
0
-1
-19
32
-19
-7
44
-21
17
-1
-37
12
8
0
-1
21
1
-6
-13
11
-49
29
-9
14
-19
-20
58
-15
11
-15
12
8
-15
-6
24
-9
-19
26
-35
30
-14
1
-9
14
-13
11
-13
41
-44
40
-24
4
10
-29
-3
39
-19
19
-18
12
-16
13
-14
3
-5
7
-7
5
-2
-17
58
-65
17
30
-51
39
35
-11
-32
36
-11
-33
-1
23
26
4
-15
-35
35
-16
-10
3
13
-8
22
-31
18
-12
4
12
-36
9
17
-4
34
-32
1
8
-10
4
-5
0
-5
2
1
2
0
1
-39
65
-26
-3
-2
-4
10
-4
-3
14
-15
-6
35
-15
-16
17
5
-10
-9
-3
3
-19
58
-21
5
-6
-4
11
9
-26
-3
12
5
19
17
-34
-11
-18
23
0
-6
-4
25
1
9
0
-37
11
-2
1
-5
11
15
3
-14
-20
1
9
-3
9
10
-14
-1
-4
-5
-10
1
14
31
-1
-10
-7
-17
-7
18
-3
20
-14
22
-22
4
0
-10
9
1
-6
-4
20
-27
10
0
0
-5
8
15
-13
-7
-44
84
-48
21
1
-23
4
0
3
-7
11
-3
-4
1
-13
32
-6
15
-36
23
-24
14
-6
1
26
-23
-18
20
14
-3
14
11
-3
-23
-22
18
-6
-3
-19
10
1
4
4
3
-6
-8
15
5
-5
-5
9
6
-24
17
-2
3
-5
0
-21
29
8
-9
19
-35
0
-13
0
46
-37
20
-8
14
4
4
-30
25
-9
6
-15
-19
0
18
-1
-9
24
4
6
-7
-31
14
19
0
14
-21
-1
3
16
-7
3
-13
-2
-24
32
3
7
-23
31
-24
1
11
3
