1002
570
525
1130
954
886
851
862
424
1180
395
428
1345
1364
389
660
1006
490
736
551
1205
1088
784
1395
1347
595
1465
1814
1905
1782
1580
526
1421
879
1075
1397
622
997
726
1128
1298
1218
610
1289
1398
1312
982
414
469
1245
1364
1065
819
708
1054
488
1191
824
739
411
1169
1018
439
864
1155
1173
618
511
1287
1157
1766
2030
1170
529
1884
1972
1911
1792
1632
456
727
835
876
1147
473
515
1378
1223
1410
583
621
1299
958
477
790
925
779
758
1225
1415
1367
856
1036
750
580
512
823
446
649
924
478
879
1186
1828
1794
1272
982
1002
1237
1414
576
787
536
852
1260
679
1455
917
645
954
430
956
612
750
1041
730
1170
474
1314
1066
1304
778
783
714
502
550
1287
1368
420
566
848
1447
933
1178
1306
652
1314
1254
1162
557
997
781
585
1416
729
983
1309
436
1482
1346
715
1013
564
738
479
366
671
873
1011
1288
587
631
1320
699
797
1047
423
1353
1148
1041
993
383
674
1405
680
608
1257
494
379
403
809
1176
1559
1682
1689
1900
1662
635
833
1351
2040
1456
1719
895
800
897
525
1470
829
1384
951
423
518
524
613
884
1254
497
850
1115
1152
860
848
1086
972
928
1120
1255
586
786
635
1109
770
504
1069
1225
764
