238
239
237
236
239
237
237
239
238
237
238
238
237
250
237
237
236
237
238
237
238
238
238
239
237
237
239
239
237
238
238
238
240
237
237
236
237
238
239
238
238
238
238
238
237
238
238
238
238
237
237
237
238
238
239
239
243
237
238
238
238
237
239
238
238
238
237
238
237
237
239
237
237
238
240
237
239
236
237
238
237
250
238
237
240
238
238
241
239
237
240
237
239
236
238
240
239
238
239
237
238
239
237
237
237
237
239
237
238
237
239
749
237
239
237
238
765
238
238
239
236
614
810
810
238
780
237
240
237
742
237
238
237
721
810
461
238
581
237
734
238
238
238
271
239
237
819
237
302
238
244
238
238
237
238
238
238
238
239
236
238
237
237
236
236
239
237
255
239
237
236
238
238
238
238
237
239
237
237
238
238
237
238
238
240
240
246
238
273
251
238
240
237
238
237
237
239
236
237
238
237
239
237
238
239
237
238
238
237
238
238
237
238
239
238
238
237
238
238
238
238
240
238
239
245
237
238
238
238
238
238
237
238
237
239
237
237
240
238
238
239
269
323
243
239
238
239
236
239
239
238
237
239
237
238
238
236
238
237
237
239
237
237
239
237
237
239
239
240
246
246
325
329
350
509
280
238
268
238
237
239
240
239
237
240
239
238
237
238
239
238
239
238
237
238
238
238
239
237
241
301
265
307
238
244
237
237
238
238
237
239
238
239
334
460
368
496
275
273
237
248
239
237
239
238
238
237
239
237
239
238
238
239
236
239
239
237
237
239
237
237
237
239
237
239
238
244
247
247
249
245
245
248
245
251
249
250
247
246
249
251
243
248
249
249
246
248
247
247
247
248
246
251
266
243
263
249
248
246
248
249
249
249
248
248
247
245
246
248
244
246
247
315
304
301
266
290
275
247
245
248
267
252
238
249
246
244
249
250
247
248
247
244
248
245
245
248
247
247
250
244
248
240
246
246
247
247
246
247
245
246
246
248
245
247
249
246
249
243
247
246
244
248
247
245
249
248
247
246
309
243
248
243
247
248
249
246
247
247
247
249
246
247
248
245
246
245
250
244
248
248
247
247
246
245
250
248
247
247
248
248
248
250
249
246
252
246
249
248
250
246
246
245
244
246
246
249
246
247
250
246
249
246
246
245
247
245
247
249
245
246
247
248
245
255
241
246
250
249
248
253
246
247
248
248
250
248
245
246
245
247
250
249
246
254
301
248
311
278
246
328
286
264
254
266
247
247
250
247
248
243
246
248
249
247
245
246
249
246
246
246
239
247
247
246
252
241
250
239
248
246
249
247
246
244
248
249
246
246
247
249
248
248
246
247
249
246
248
247
250
248
245
249
249
243
250
249
245
247
249
247
342
330
275
283
263
250
250
244
249
248
250
247
249
248
246
247
250
251
245
249
248
249
251
246
248
244
249
247
251
248
249
248
249
247
245
247
245
248
247
240
253
249
239
243
247
309
305
254
249
247
248
339
246
249
251
248
245
248
246
247
246
247
247
248
248
248
245
248
249
249
557
247
247
436
248
249
250
249
247
636
248
481
249
247
246
246
262
250
244
251
247
245
247
250
247
247
251
248
248
247
247
248
247
250
248
252
244
247
250
249
246
248
247
245
245
249
245
247
249
245
249
245
248
245
245
246
251
247
247
247
250
245
250
245
246
248
246
248
247
245
247
252
245
250
247
246
246
248
247
248
246
247
246
248
245
244
247
247
248
247
247
246
243
248
247
248
245
247
248
248
250
248
249
249
247
247
250
246
246
249
247
248
246
246
245
247
249
246
246
247
249
246
245
248
246
248
252
245
250
248
247
246
251
248
248
247
245
247
248
246
246
248
248
246
238
246
247
246
249
249
249
245
248
248
247
248
248
247
246
248
251
241
250
244
246
248
248
247
245
247
247
247
249
247
245
247
249
248
246
247
247
248
248
248
245
248
247
247
249
248
244
248
249
250
246
247
247
245
249
249
247
248
245
251
246
248
251
245
248
249
248
250
247
248
246
248
245
246
247
247
247
251
249
541
246
651
663
681
246
528
