4.25
4.25
4.25
4.25
4.25
4.25
4.25
4.25
4.25
4.25
4.25
4.25
4.25
4.25
4.25
4.25
4.25
4.25
4.25
4.25
4.25
4.25
4.25
4.25
4.25
4.25
4.25
4.25
4.25
4.25
4.25
4.25
4.25
4.25
4.25
4.25
4.25
4.25
4.25
4.25
4.25
4.25
4.25
4.25
4.25
4.25
4.25
4.25
4.25
4.25
4.25
4.25
4.25
4.25
4.25
4.25
4.25
4.25
4.25
4.25
4.25
4.25
4.25
4.25
4.25
4.25
4.25
4.25
4.25
4.25
4.25
4.25
4.25
4.25
4.25
4.25
4.25
4.25
4.25
4.125
4.0
4.0
4.0
4.0
4.0
4.0
3.875
3.75
3.75
3.75
3.75
3.75
3.75
3.625
3.5
3.5
3.375
3.25
3.25
3.125
3.0
2.875
2.875
2.875
2.75
2.625
2.625
2.625
2.625
2.625
2.5
2.375
2.625
2.625
2.5
2.375
2.375
2.375
2.25
2.25
2.25
2.125
2.25
2.25
2.625
2.625
2.625
2.625
2.625
2.5
2.75
2.75
2.75
2.75
3.0
3.375
3.5
3.5
3.625
3.625
3.875
3.875
3.875
3.875
3.875
3.875
3.875
4.25
4.25
4.25
4.25
4.25
4.25
4.25
4.25
4.25
4.25
4.25
4.25
4.25
4.25
4.25
4.25
4.25
4.25
4.25
4.25
4.25
4.25
4.25
4.25
4.25
4.25
4.25
4.25
4.25
4.25
4.25
4.25
4.25
4.25
4.25
4.25
4.25
4.25
4.25
4.25
4.25
4.25
4.25
4.25
4.25
4.25
4.25
4.25
4.25
4.25
4.25
4.25
4.25
4.25
4.25
4.25
4.25
4.25
4.25
4.25
4.25
4.25
4.25
4.25
4.25
4.25
4.25
4.25
4.25
4.25
4.25
4.25
4.25
4.25
4.25
4.25
4.25
4.25
4.25
4.25
4.25
4.25
4.25
4.25
4.25
4.25
4.25
4.25
4.25
4.25
4.25
4.25
4.125
4.125
4.125
4.0
4.0
4.0
4.0
4.0
3.875
3.875
3.875
3.875
3.875
3.875
3.875
3.875
3.875
3.875
3.875
3.875
3.875
3.875
3.875
3.875
3.875
3.875
3.875
3.875
3.875
3.875
3.875
3.875
3.875
3.875
3.875
4.0
4.125
4.125
4.125
4.125
4.125
4.125
4.125
4.125
4.0
4.0
4.0
3.875
3.75
3.75
3.75
3.75
3.75
3.75
3.75
3.75
3.75
3.75
3.75
3.75
3.75
3.75
3.75
3.75
3.875
3.875
3.875
3.875
3.875
3.875
3.875
3.875
3.875
3.875
3.875
3.875
4.0
4.125
4.25
4.25
4.25
4.25
4.25
4.25
4.25
4.25
4.25
4.25
4.25
4.25
4.125
4.125
4.125
4.125
4.125
4.125
4.125
4.125
4.125
4.125
4.125
4.125
4.125
4.125
4.125
4.125
4.125
4.125
4.125
4.125
4.125
4.125
4.125
4.125
4.125
4.125
4.125
4.125
4.125
4.125
4.125
4.125
4.0
4.0
4.0
4.0
4.0
4.0
4.0
4.0
4.0
4.0
4.0
4.0
4.0
4.0
4.0
4.0
4.0
4.0
4.0
4.0
4.0
4.0
4.0
4.0
4.0
4.0
4.0
4.0
4.0
4.0
4.0
4.0
4.0
4.0
4.0
4.125
4.125
4.125
4.125
4.125
4.125
4.125
4.125
4.125
4.125
4.125
4.125
4.125
4.125
4.125
4.125
4.125
4.125
4.125
4.125
4.125
4.125
4.125
4.125
4.125
4.125
4.125
4.125
4.125
4.125
4.125
4.125
4.125
4.125
4.125
4.125
4.125
4.125
4.125
4.125
4.125
4.125
4.125
4.125
4.125
4.125
4.125
4.125
4.125
4.125
4.125
4.125
4.125
4.125
4.125
4.125
4.125
4.125
4.125
4.125
4.125
4.125
4.125
4.125
4.125
4.125
4.125
4.125
4.125
4.125
4.125
4.125
4.125
4.125
4.125
4.125
4.125
4.125
4.125
4.125
4.125
4.125
4.125
4.125
4.125
4.125
4.125
4.125
4.125
4.125
4.125
4.125
4.125
4.125
4.125
4.125
4.125
4.125
4.125
4.125
4.125
4.125
4.125
4.125
4.125
4.125
4.125
4.125
4.125
4.125
4.0
4.0
4.0
4.0
4.0
4.0
4.0
4.0
4.0
4.0
4.0
4.0
4.0
4.0
4.0
4.0
4.0
4.0
4.0
4.0
4.0
4.0
4.0
4.0
4.0
4.0
4.0
4.0
4.0
4.0
4.0
4.0
4.0
4.0
4.0
4.125
4.125
4.125
4.125
4.125
4.125
4.125
4.125
4.125
4.125
4.125
4.125
4.125
4.125
4.125
4.125
4.125
4.125
4.125
4.125
4.125
4.125
4.125
4.125
4.125
4.125
4.125
4.125
4.125
4.0
4.0
4.0
4.0
4.0
4.0
4.0
4.0
4.0
4.0
4.0
4.0
4.0
4.0
4.0
4.0
4.0
4.0
4.0
4.0
4.0
4.0
4.0
4.0
4.0
4.0
4.0
4.0
4.0
4.0
4.0
4.0
4.0
4.0
4.125
4.125
4.125
4.125
4.125
4.125
4.125
4.125
4.125
4.125
4.125
4.125
4.0
4.0
4.0
4.0
4.0
4.0
4.0
4.0
4.0
4.0
4.0
4.0
4.0
4.0
4.0
4.0
4.0
4.0
4.0
4.0
4.0
4.0
4.0
4.0
4.0
3.875
3.875
3.875
3.875
3.75
3.75
3.75
3.75
3.75
3.75
3.75
3.625
3.625
3.625
3.5
3.5
3.5
3.5
3.5
3.5
3.5
3.5
3.5
3.5
3.5
3.5
3.5
3.5
3.5
3.5
3.5
3.625
3.625
3.625
3.75
3.75
3.75
3.75
3.75
3.75
4.0
4.0
4.125
4.125
4.125
4.125
4.125
4.125
4.125
4.125
4.125
4.125
4.125
4.125
4.125
4.125
4.125
4.125
4.125
4.125
4.125
4.125
4.125
4.125
4.125
4.125
4.125
4.125
4.125
4.125
4.125
4.125
4.125
4.125
4.125
4.125
4.125
4.125
4.125
4.125
4.125
4.125
4.125
4.125
4.125
4.125
4.125
4.125
4.125
4.125
4.125
4.125
4.125
4.125
4.125
4.125
4.125
4.125
4.125
4.125
4.125
4.125
4.125
4.125
4.125
4.125
4.125
4.125
4.125
4.125
4.125
4.125
4.125
4.125
4.125
4.125
4.125
4.125
4.125
4.125
4.125
4.125
4.125
4.125
4.125
4.125
4.125
4.125
4.125
4.125
4.125
4.125
4.125
4.125
4.125
4.125
4.125
4.125
4.125
4.125
4.125
4.125
4.125
4.125
4.125
4.125
4.125
4.125
4.125
4.125
4.125
4.125
4.125
4.125
4.125
4.125
4.125
4.125
4.125
4.125
4.125
4.125
4.125
4.125
4.125
4.125
4.125
4.125
4.125
4.125
4.125
4.125
4.125
4.125
4.125
4.125
4.125
4.125
4.125
4.125
4.125
4.125
4.125
4.125
4.125
4.125
4.125
4.125
4.125
4.125
4.125
4.125
4.125
4.125
4.125
4.125
4.125
4.125
4.125
4.125
4.125
4.125
4.125
4.125
4.125
4.125
4.125
4.125
4.125
4.125
4.125
4.125
4.125
4.125
4.125
4.125
4.125
4.125
4.125
4.125
4.125
4.125
4.0
4.0
4.0
3.875
3.75
3.75
3.625
3.5
3.5
3.375
3.375
3.375
3.25
3.125
3.0
2.875
2.75
2.625
2.5
2.375
2.25
2.125
2.0
1.875
1.75
1.625
1.5
1.375
1.25
1.125
1.0
0.875
0.75
0.625
0.5
0.375
0.25
0.125
