16
16
16
16
29
17
17
17
17
17
15
15
15
16
16
16
16
16
16
16
15
16
15
16
16
16
15
16
16
16
16
16
18
23
16
15
16
15
18
16
15
17
19
18
16
17
15
15
16
19
19
20
21
21
26
15
21
23
14
15
15
15
15
16
16
15
15
15
15
15
15
15
15
15
15
15
15
24
24
22
14
21
21
26
14
21
28
29
27
14
27
26
26
26
26
26
25
25
24
25
21
21
20
22
24
23
21
21
21
18
16
17
20
21
20
14
14
14
14
14
14
14
14
14
14
14
14
14
14
14
14
14
14
14
14
14
13
14
13
14
13
13
21
20
16
18
17
13
13
14
15
25
24
25
28
29
29
14
20
16
14
14
20
19
19
14
13
16
19
21
23
22
22
22
22
22
21
20
19
17
16
16
15
15
14
14
14
14
14
13
14
13
13
13
14
13
13
12
14
14
13
13
13
13
23
20
20
27
14
21
22
14
17
13
13
13
13
13
19
18
13
13
13
13
13
14
14
14
14
19
16
14
15
16
14
14
14
12
12
12
16
16
16
16
15
16
16
16
16
12
12
12
16
16
16
16
16
16
16
16
16
16
16
13
13
13
13
13
13
13
16
14
16
14
18
14
16
17
14
13
13
13
16
20
21
13
16
17
16
15
14
14
17
17
14
13
15
15
16
16
13
13
13
13
13
18
20
14
22
13
14
13
13
13
13
13
13
16
17
19
21
14
13
13
16
16
17
14
13
13
13
13
13
19
21
20
20
18
15
13
14
15
13
13
13
16
17
20
22
20
12
13
13
13
13
13
13
13
13
13
14
17
14
13
13
13
13
13
13
17
18
16
13
13
14
14
14
14
26
18
16
13
13
14
14
14
14
24
19
14
16
14
16
14
14
14
14
14
14
14
14
14
16
16
14
16
16
13
13
14
14
14
14
14
14
14
14
14
15
16
14
13
14
18
17
14
13
26
13
17
16
13
14
14
15
17
18
19
18
15
20
14
16
15
13
13
13
12
13
13
13
18
16
13
13
12
13
13
13
13
14
14
14
14
14
14
14
14
14
25
15
16
14
15
16
16
16
14
13
13
13
13
14
15
14
15
16
14
13
16
13
14
13
14
16
13
14
14
14
14
16
14
14
14
13
13
12
12
16
16
16
16
16
16
16
16
16
16
16
16
16
16
16
16
13
13
13
16
21
25
16
16
14
16
14
14
16
16
14
16
16
16
13
13
13
18
14
13
16
16
20
13
13
13
13
13
13
14
13
17
13
13
13
14
14
14
14
14
25
16
14
16
18
18
19
17
15
19
21
16
13
13
12
13
13
13
13
13
16
18
18
14
16
13
13
16
14
13
13
16
13
13
13
13
16
17
21
14
22
14
13
18
17
21
13
13
13
13
15
20
19
14
14
13
13
13
13
13
13
17
19
23
14
18
17
13
17
14
13
13
13
12
13
13
13
13
16
16
18
14
13
12
12
19
16
14
14
16
13
13
13
13
13
16
17
13
13
13
13
13
13
13
21
19
14
19
14
14
14
14
13
14
13
13
14
14
15
16
14
14
14
14
14
14
14
13
13
13
16
14
14
13
20
25
26
20
28
21
24
32
43
18
26
28
16
18
17
18
20
18
15
15
15
15
15
15
15
15
14
15
14
13
13
14
26
18
23
18
14
14
14
14
14
14
14
21
23
14
15
15
14
14
20
25
29
15
16
14
14
14
14
14
14
14
15
21
30
46
46
61
61
61
15
53
52
45
27
29
28
27
22
23
23
23
22
23
22
18
20
20
19
18
19
21
21
21
20
20
20
20
24
23
20
34
62
63
59
54
49
43
41
35
30
24
16
16
16
23
26
29
29
30
30
30
20
26
29
23
18
20
29
17
17
17
16
16
16
16
19
24
24
22
23
23
24
25
29
30
31
32
32
32
32
31
18
17
22
29
30
30
25
17
17
23
31
34
33
24
25
23
25
25
27
25
22
25
25
25
23
24
25
26
24
22
19
16
21
25
26
26
25
20
20
16
16
16
19
24
24
20
16
16
21
23
22
21
20
20
21
30
18
17
16
16
24
19
30
31
58
55
51
43
41
38
31
18
18
18
18
17
17
17
17
17
17
17
16
17
17
16
16
16
16
16
16
16
16
16
16
16
19
16
16
15
16
15
15
15
15
15
15
15
15
14
14
13
13
12
13
12
14
13
13
12
12
12
13
13
13
13
13
13
13
13
13
13
13
13
13
13
13
13
13
13
13
13
13
13
13
13
13
13
13
16
16
14
14
16
18
23
15
13
12
12
12
12
12
13
13
13
16
14
13
16
14
13
13
13
13
13
13
13
16
18
21
14
16
13
13
12
12
12
12
12
16
16
16
20
14
13
12
13
13
13
13
13
13
13
12
12
12
12
12
13
13
14
13
12
13
13
16
19
20
14
24
24
15
16
20
15
18
17
17
16
16
16
13
14
13
13
13
17
17
23
13
16
20
20
16
14
16
17
17
18
14
14
15
16
16
16
15
13
16
16
13
13
13
13
12
12
18
13
13
13
13
20
25
27
14
13
13
13
13
13
13
14
15
13
13
13
22
22
69
14
14
14
13
13
13
12
12
12
24
25
26
16
26
15
18
14
14
14
13
13
13
16
16
13
13
12
12
12
12
12
12
13
13
12
12
12
12
12
12
12
12
12
12
12
12
13
13
13
13
12
13
13
13
13
13
13
13
13
13
13
13
13
13
13
19
21
21
16
26
25
23
28
26
14
14
15
18
19
18
14
14
20
18
18
18
16
14
14
14
14
14
14
13
13
12
16
16
22
19
14
14
17
14
16
12
20
13
13
13
12
12
12
12
13
13
13
12
12
12
12
13
13
13
13
13
13
13
13
13
13
13
12
13
13
13
13
13
13
13
13
13
13
13
13
13
13
13
13
13
13
13
13
13
18
20
15
13
13
13
18
26
23
14
15
13
13
13
13
17
20
20
19
13
16
13
13
13
13
13
13
13
13
13
13
13
13
13
13
13
13
13
13
13
13
13
13
13
13
13
13
13
13
13
13
13
12
13
13
13
13
13
13
13
13
13
12
13
13
13
13
17
14
13
16
22
25
25
13
21
15
13
13
12
12
12
12
12
16
15
13
19
18
18
13
13
13
13
12
13
13
12
24
14
14
14
14
13
14
14
14
14
13
13
13
13
12
12
15
15
15
14
15
15
16
16
16
16
16
16
14
12
12
13
13
13
13
13
16
14
17
19
16
21
14
13
13
13
20
27
14
14
16
13
13
13
13
12
13
13
18
20
29
26
13
15
14
13
12
13
13
13
13
15
13
13
13
12
13
13
13
13
13
13
14
19
14
14
12
13
13
13
13
13
13
13
13
13
13
13
16
13
17
21
14
20
13
13
12
18
18
13
12
12
12
12
12
12
12
13
13
13
12
12
12
12
12
12
12
12
12
12
12
12
13
13
13
13
13
13
13
13
13
13
13
13
13
13
13
13
12
12
13
13
17
16
19
17
17
16
16
18
16
14
13
21
15
19
16
16
16
14
14
16
13
13
16
13
13
13
13
12
12
19
19
22
13
13
23
16
14
15
13
19
18
18
18
22
17
13
13
13
13
13
13
13
12
13
13
13
13
13
13
13
13
13
13
13
13
13
13
13
13
15
14
13
16
18
16
19
26
16
13
13
13
13
13
13
13
13
13
13
13
13
13
13
22
16
13
13
13
13
13
19
14
16
16
14
13
13
13
13
13
13
13
13
13
13
13
13
13
13
13
13
13
13
13
16
16
17
20
16
19
14
13
12
12
12
12
13
13
13
13
13
13
13
13
13
13
13
13
13
13
13
12
13
12
12
13
13
13
13
13
13
13
13
13
13
13
13
13
13
13
13
13
13
13
13
13
13
16
19
20
22
16
16
23
14
14
14
16
13
13
12
19
16
13
13
12
13
12
13
13
16
16
13
12
12
12
13
12
13
14
16
13
12
12
13
13
17
13
13
13
13
13
13
13
13
13
13
13
13
13
13
13
13
13
13
13
13
13
13
13
23
16
26
16
19
13
12
12
12
12
13
12
13
13
13
13
13
13
13
13
14
18
18
14
14
15
17
13
13
26
13
12
12
12
12
13
12
13
13
13
12
12
12
12
12
13
12
12
12
12
12
12
12
12
12
13
12
13
13
13
13
13
20
21
14
35
35
29
37
39
40
43
46
41
16
46
36
28
32
26
25
29
16
23
24
23
22
23
22
23
22
24
22
26
26
23
25
30
29
33
33
29
27
30
45
44
26
23
22
23
21
27
51
45
45
44
43
40
39
36
35
27
30
30
28
28
27
22
20
19
20
17
17
19
19
20
21
22
22
24
18
19
18
16
16
16
16
16
16
18
17
67
64
21
16
16
16
16
16
15
16
16
16
16
16
16
15
15
14
14
14
14
14
14
14
13
13
13
13
13
13
13
13
12
12
16
27
33
36
34
21
23
22
19
17
15
14
14
14
13
13
13
13
12
13
13
13
17
23
25
16
26
25
28
30
32
43
43
42
43
43
16
33
27
22
16
15
15
15
15
14
14
13
13
13
13
13
13
14
16
13
13
13
13
13
13
13
13
13
13
25
16
14
13
16
18
21
16
20
17
18
23
25
14
25
23
27
16
27
27
26
15
21
24
15
16
15
15
15
15
15
15
15
14
15
18
18
15
14
14
14
14
13
13
13
13
13
13
23
18
14
13
13
13
13
13
12
12
12
13
13
12
12
13
13
14
18
13
13
13
16
15
18
14
14
14
14
13
13
13
13
