0
0
0
0
255
0
0
0
0
0
0
0
0
0
0
0
0
0
0
0
0
0
0
0
0
0
0
0
0
0
0
0
0
1
3
3
2
3
1
1
1
1
5
10
13
14
15
13
12
12
15
17
20
22
26
26
25
26
26
23
20
16
3
0
0
0
0
0
0
0
0
0
0
0
0
0
0
0
7
15
15
17
21
26
28
28
32
37
41
42
43
45
47
49
50
52
53
54
55
56
55
55
55
55
55
55
55
55
56
56
56
56
57
58
58
57
55
55
55
55
54
54
55
55
55
54
53
52
52
51
51
51
51
51
48
46
46
36
24
19
19
22
27
31
32
34
34
31
29
28
32
36
39
42
46
50
51
51
51
51
49
47
48
50
48
45
43
43
45
46
48
50
52
54
55
56
57
58
57
57
56
56
55
55
54
53
52
51
50
48
43
41
34
27
18
14
15
14
9
4
2
0
0
1
7
15
18
21
23
28
29
29
29
25
19
16
9
11
17
18
19
19
16
12
9
7
2
0
2
2
3
2
1
0
0
0
0
0
0
0
0
0
0
0
0
0
0
0
0
0
0
0
0
0
0
0
0
0
0
0
0
0
0
0
0
0
0
0
0
0
2
6
7
10
11
14
18
20
20
16
16
16
20
25
26
25
27
28
29
29
27
27
28
31
30
30
30
31
32
32
27
19
11
10
13
19
22
24
28
28
23
20
19
15
9
5
7
13
15
21
24
24
24
23
25
27
28
27
26
21
13
6
9
14
20
21
23
24
23
21
22
21
20
19
18
20
22
25
28
27
26
24
22
20
18
13
9
6
3
5
9
10
12
14
16
17
13
13
15
18
20
12
4
0
0
0
0
0
3
5
2
0
0
0
0
0
0
5
5
4
4
4
3
2
2
0
0
0
0
0
0
2
6
6
6
9
7
2
0
0
0
0
0
0
0
0
1
1
3
3
1
2
6
11
10
6
2
4
4
8
6
4
2
5
6
9
13
13
15
18
19
19
21
20
19
19
18
16
14
12
11
13
14
14
16
15
13
9
3
1
0
0
0
0
0
0
0
0
0
3
2
4
5
8
9
11
11
9
8
6
2
0
0
1
1
1
1
1
1
1
1
0
0
1
2
1
1
1
0
0
0
0
0
0
0
0
0
0
0
0
0
0
0
0
0
0
0
0
0
0
0
0
0
0
0
0
0
0
1
2
2
2
1
1
0
0
4
6
5
7
9
9
9
8
8
11
10
10
12
16
18
17
17
16
14
10
9
7
8
8
8
5
2
0
0
0
0
0
3
4
6
9
10
11
10
7
4
9
10
10
11
11
8
3
0
0
0
0
4
9
12
12
13
12
13
15
14
13
13
14
12
5
1
1
5
11
14
18
21
20
21
24
27
28
24
19
19
19
23
27
29
29
30
30
30
27
22
15
14
17
23
24
24
25
25
25
26
24
23
22
21
17
11
4
1
2
6
10
10
8
8
7
8
10
12
13
15
15
13
9
7
7
9
13
14
16
17
15
11
6
3
5
10
14
19
22
22
22
23
24
26
27
27
28
28
29
30
32
32
31
30
29
29
26
21
18
17
18
19
19
17
19
25
32
34
39
43
47
52
59
66
68
71
73
73
73
74
75
75
75
74
73
72
70
69
68
67
66
64
56
48
43
39
40
43
46
49
48
47
46
45
44
43
41
41
43
43
40
38
35
32
31
35
41
46
47
47
46
45
45
44
44
43
43
45
48
52
56
61
65
70
72
74
77
80
82
85
87
89
90
91
92
92
93
94
94
94
93
93
92
91
91
90
90
90
90
90
90
90
89
89
89
90
92
95
99
102
104
107
110
112
114
114
114
111
108
108
108
110
111
113
114
116
116
116
117
118
116
115
116
115
112
111
108
106
104
103
101
102
102
102
103
103
104
105
105
108
109
112
114
116
118
119
119
117
115
115
117
118
119
116
113
111
112
114
115
116
116
115
114
114
114
114
114
114
114
114
114
114
114
115
115
115
114
112
111
111
112
112
113
113
112
110
108
106
105
104
104
105
103
102
101
101
102
102
101
101
101
102
103
101
101
100
101
101
102
105
108
111
114
118
120
124
126
125
123
120
119
117
115
115
113
112
111
111
110
110
109
108
107
105
104
102
100
97
95
93
91
90
90
89
88
86
85
84
83
81
74
70
70
70
67
59
54
47
44
46
45
43
40
37
33
29
24
20
13
6
2
1
0
0
0
0
0
0
0
0
0
0
0
0
0
0
0
0
0
0
0
0
0
0
0
1
6
9
11
14
18
24
29
26
23
23
20
16
10
3
1
1
3
5
5
5
5
4
0
0
0
0
0
0
1
8
15
17
18
18
18
17
15
13
9
9
10
14
14
14
18
19
19
18
18
17
16
16
15
15
14
12
10
7
6
5
4
4
4
4
3
1
0
0
7
14
16
21
27
31
31
32
34
34
36
37
38
38
39
39
37
36
35
33
33
34
36
38
37
39
42
43
44
43
44
45
45
46
46
45
45
46
46
46
46
45
45
45
41
41
32
30
29
29
29
27
20
19
21
25
30
34
34
33
32
30
30
29
28
28
28
28
27
26
29
35
40
39
38
35
26
20
19
15
14
17
24
32
33
36
40
40
40
38
37
36
35
33
34
35
34
31
27
23
23
20
12
4
1
1
0
0
0
0
0
0
0
0
0
0
0
0
0
0
0
0
0
0
0
0
0
0
0
0
0
0
0
0
0
0
0
0
6
15
17
23
31
31
36
41
42
41
41
42
44
45
46
44
43
44
45
45
46
45
44
42
41
40
37
31
25
23
24
25
28
32
32
32
31
32
32
31
31
32
30
26
20
14
9
4
0
0
0
0
0
0
0
0
0
0
0
0
0
0
0
0
0
0
0
0
0
0
0
0
0
0
0
0
0
0
0
0
0
0
0
0
0
0
0
0
1
10
14
13
11
10
11
16
22
24
22
21
16
10
7
8
13
15
20
22
23
26
27
28
28
25
22
18
14
10
1
0
0
0
0
0
0
0
0
0
0
0
0
0
0
0
0
0
0
0
0
0
0
0
0
0
0
0
0
0
0
0
0
1
1
0
0
0
3
9
8
9
13
19
27
28
30
33
33
32
31
31
26
18
17
17
18
18
17
19
22
21
20
18
11
11
8
6
1
0
2
2
1
1
1
0
0
0
0
0
0
0
0
0
0
0
0
0
0
0
0
0
0
0
0
0
0
0
0
0
0
0
0
0
0
0
1
6
11
18
21
24
20
20
18
17
21
31
31
31
28
27
23
18
12
8
5
8
15
24
41
37
47
38
35
34
32
26
23
28
27
32
29
21
18
13
12
10
4
0
0
27
27
28
26
21
16
9
2
0
0
0
0
0
0
0
0
0
1
2
10
14
13
16
15
15
17
19
20
20
19
18
18
17
15
7
0
0
0
0
0
0
0
0
0
0
0
0
0
0
0
0
0
0
0
0
0
0
0
0
0
0
0
0
0
0
0
0
0
0
0
0
1
1
5
10
14
14
18
20
21
19
21
25
25
28
29
30
29
28
28
28
26
25
25
23
18
15
14
13
14
19
24
26
24
23
27
27
27
26
27
29
31
32
34
37
37
36
35
29
27
21
14
8
3
2
1
0
0
0
0
0
0
0
0
0
0
0
0
0
0
1
1
4
10
14
15
21
27
27
26
24
21
19
15
12
10
5
1
0
0
0
0
0
2
4
4
4
3
1
1
1
1
3
5
5
3
1
0
0
0
0
0
0
0
0
0
0
0
0
0
0
0
0
0
3
8
14
15
18
21
21
21
20
20
19
15
12
9
3
0
0
0
0
0
0
0
0
0
0
0
0
0
0
0
0
0
0
0
0
0
0
0
0
0
0
0
0
0
0
0
0
0
0
0
0
0
2
9
15
17
22
22
25
29
29
30
30
30
26
25
24
26
26
24
18
17
17
21
21
20
21
25
24
21
18
14
12
12
13
14
14
9
7
2
1
1
1
0
0
0
0
0
0
0
0
0
0
0
0
0
0
0
0
0
0
0
0
0
0
13
19
23
28
29
29
28
27
23
18
12
4
0
0
0
0
0
0
0
0
0
4
10
13
13
14
17
18
18
23
24
24
23
22
18
16
10
3
0
0
0
0
0
0
0
0
0
0
0
0
0
0
0
0
0
0
0
0
0
0
0
0
4
13
15
27
36
36
46
50
55
59
64
68
68
70
72
73
75
76
76
76
75
74
