0
0
0
0
0
0
0
0
0
0
1305
1132
1112
1110
1107
1129
1134
1134
1107
1115
1115
1116
1123
1127
1124
1105
1122
1125
1115
1130
1122
1128
1602
1044
1370
1110
1207
1222
1213
1099
1121
1337
1249
1417
1825
1216
1101
1084
1087
1280
1082
1267
1425
1629
1892
1250
1278
1303
1275
1107
1064
1054
1058
1045
1071
1050
1035
1042
1023
1032
1018
1019
1018
1019
1010
994
1003
2133
1536
1968
1214
1248
1514
1876
1170
1435
1615
1831
2045
1549
1589
1663
1719
1782
1834
1888
1925
1970
2013
2046
1586
1579
1577
1570
1567
1573
1580
1580
1600
1613
1607
1588
1604
1626
1668
1661
1625
1587
1573
1570
1566
1557
1555
1563
1567
1563
1559
1515
1486
1474
1471
1474
1465
1468
1463
1376
1320
1307
904
856
841
829
1119
1342
1532
1171
1249
1247
1129
849
1072
1177
1308
1425
1557
1685
1815
1533
1470
1469
1455
1398
1366
1363
1417
1375
1265
1269
1245
1281
1329
1378
1428
1475
1532
1573
1609
1632
1651
1642
1628
1607
1593
1584
1577
1543
1510
1478
1455
1421
1389
1212
1188
999
818
764
754
764
924
851
754
736
748
735
873
1339
2033
1428
1244
1646
2024
1035
1426
889
745
745
744
748
1406
1212
995
751
739
747
727
754
767
741
702
2162
973
1108
1212
1257
756
750
723
200
0
0
0
0
0
0
0
0
0
0
0
0
0
0
0
0
0
0
0
0
0
0
0
0
939
879
773
766
740
739
768
755
1414
884
1106
872
1338
1402
1034
1335
992
785
747
761
968
1450
1804
1023
1279
1338
1404
1439
1423
1371
1323
1421
1519
1126
1098
1111
1131
1162
1147
858
754
728
748
980
1394
1279
1211
1357
798
741
729
734
727
737
749
1051
1837
1099
1501
1439
828
761
1180
1250
1359
1084
996
918
743
716
739
910
1053
1459
1156
1142
1213
1176
1110
1090
947
729
682
863
1002
1091
1259
1409
969
719
703
711
690
696
698
712
703
702
1273
1283
1442
811
701
713
699
693
693
1104
1332
1432
941
721
693
695
708
697
1720
1298
1183
787
699
701
695
695
706
2213
1101
998
1014
715
1008
694
682
702
694
727
714
697
703
758
1225
841
704
1326
919
739
714
692
709
703
719
710
702
691
779
871
775
1204
773
694
1196
1922
1480
1396
1000
1494
856
1184
1091
1134
750
691
1111
761
1197
1755
1150
1126
1337
1310
951
1039
960
821
718
706
699
690
714
1075
939
1029
817
706
683
704
699
696
681
702
700
700
690
711
698
703
700
1012
1046
1372
1008
1291
1117
1301
1517
908
716
717
699
706
680
1201
763
861
1253
881
693
859
745
862
680
672
1011
703
686
690
682
1145
715
694
699
700
430
0
0
0
0
0
0
0
0
0
0
0
0
0
0
0
0
0
0
1331
763
718
1321
1259
1165
1257
1288
731
1140
744
718
1101
1017
872
774
1057
1310
904
722
744
973
990
739
829
916
1185
948
741
715
703
698
683
698
722
1303
1009
769
705
722
710
704
680
707
1152
1021
747
1012
1211
1443
1553
1431
996
2275
1282
1425
1098
758
714
700
703
699
695
691
1648
1234
1347
1552
929
1087
840
962
1102
995
886
992
1041
948
788
694
1373
1216
1507
1369
1294
1431
793
1081
1204
1369
1112
741
698
716
978
1157
1377
953
1078
1107
1100
1118
747
719
684
1090
1268
1633
1281
1211
1249
1234
900
942
902
787
726
710
699
713
707
689
1441
1088
1410
1065
734
702
681
1290
997
890
945
1095
1015
725
704
685
697
1298
1720
890
709
711
705
697
692
704
1359
1420
1358
1353
1553
1605
1631
1325
919
1298
1348
1369
1417
1404
1428
1529
1555
1572
1549
1502
1471
1433
1312
757
700
702
1380
1364
1303
1275
1368
1801
2294
1555
1916
2142
2321
2582
2925
3215
2460
2597
2004
2072
2091
2100
2130
2151
2129
2099
2068
2037
2008
1972
1941
1909
1883
1820
1603
919
953
1411
1449
1577
1674
1770
1770
1735
1698
1646
1620
1568
1509
1503
1572
1474
2010
1889
1743
1615
1561
1722
2008
1990
1700
1703
1671
1650
1642
1615
1604
1582
1604
1655
1771
1902
2052
2206
2371
2528
2062
2115
2194
2289
2352
2421
2485
2528
2572
2592
2608
2632
2635
2663
2681
2672
2656
2642
2621
2600
2576
2564
2562
2560
2563
2555
2548
2544
2539
2548
2531
2547
2631
2722
2810
2876
2965
3043
3111
3180
3238
3252
3234
3155
3094
3061
3078
3119
3155
3194
3243
3291
3301
3302
3330
3352
3352
3296
3277
3300
3265
3197
3139
3078
3021
2939
2920
2882
2888
2909
2915
2928
2933
2950
2972
3004
3054
3110
3176
3233
3290
3346
3346
3368
3313
3286
3276
3316
3349
3372
3312
3220
3165
3183
3228
3271
3289
3287
3274
3254
3252
3256
3247
3231
3230
3239
3242
3248
3239
3239
3259
3269
3268
3255
3199
3159
3150
3173
3188
3202
3203
3168
3133
3079
3026
2960
2966
2972
2972
2934
2892
2871
2877
2887
2897
2887
2872
2868
2907
2915
2890
2877
2852
2856
2868
2909
2972
3064
3164
3246
3334
3428
3511
3574
3548
3483
3413
3372
3322
3277
3261
3216
3193
3164
3151
3135
3125
3110
3079
3046
3000
2954
2892
2840
2771
2714
2651
2601
2561
2550
2529
2501
2452
2439
2395
2365
2319
2117
1996
1998
2009
1895
1716
1544
868
692
705
689
688
741
717
708
711
698
705
697
690
698
697
704
702
693
704
711
704
693
696
694
692
707
696
696
693
710
693
699
704
704
697
683
695
699
1319
1158
1257
1496
1123
1301
1769
1514
801
697
705
698
692
699
688
698
698
1233
785
702
1160
1030
752
691
693
706
718
713
690
1344
1222
2062
1323
1401
825
711
705
698
689
699
706
1758
1078
1132
979
1297
1568
835
720
722
700
702
698
939
823
707
691
713
709
701
713
696
701
1043
860
702
709
706
1738
1378
1935
1405
1542
1988
1918
1102
1574
1641
1264
1325
1361
1380
1407
1413
1391
1363
1319
1267
1231
1211
1244
1335
1407
1372
1441
1531
1574
1590
1238
1258
1287
1297
1311
1306
1304
1298
1308
1320
1320
1281
1293
1287
1275
1181
921
717
709
711
1316
1064
1004
758
757
1034
1255
1525
1675
1229
1201
1158
1131
1088
1055
1039
1035
1036
1021
1004
1015
1556
1713
1834
1441
1400
1285
831
704
707
695
721
1219
1748
2290
1440
1787
1769
1472
1455
1413
1365
1320
1279
1234
1241
1286
1253
1152
742
696
694
693
689
682
702
690
704
707
702
695
709
683
702
697
699
696
689
697
702
699
701
691
684
695
702
704
705
702
687
696
706
709
699
712
705
700
696
742
1468
1973
1429
1690
2208
1590
1785
2040
1536
1516
1511
1533
1593
1653
1665
1630
1582
1611
1630
1651
1678
1651
1589
1549
1502
1459
1355
857
697
703
1201
1264
1402
1583
1600
1576
1563
1421
1172
1172
1154
1158
1108
758
705
706
704
711
694
703
702
701
686
701
695
692
697
691
700
699
703
701
713
697
707
704
701
716
692
694
693
702
702
685
689
695
690
703
709
684
700
704
705
694
707
699
701
714
1825
1353
1587
774
695
703
1075
1168
1605
1335
1103
994
900
696
709
1447
1867
1265
1475
1071
1175
1219
992
1021
1015
773
710
694
698
693
697
695
693
699
697
706
696
703
707
692
702
697
702
688
703
709
706
704
701
700
691
702
692
706
689
700
700
697
704
704
702
701
702
691
699
703
698
693
682
1382
1318
1194
733
971
1411
1909
1288
1495
1645
889
714
701
703
681
709
692
1451
1345
870
1437
1397
1598
1069
949
745
706
702
685
715
695
1345
786
698
716
703
683
687
689
958
729
681
705
681
714
0
0
0
0
0
0
0
0
0
0
0
0
0
0
1320
682
654
707
709
704
702
711
1630
1314
1313
1513
2361
1561
1530
747
731
711
1290
1547
1613
936
1132
1044
989
755
705
703
701
701
1612
2080
1745
2010
1377
1728
1401
993
697
705
691
711
1026
1000
1194
1077
753
713
698
695
702
697
697
687
1365
1342
1412
1325
694
678
693
694
694
688
690
707
705
687
702
705
1533
810
1337
1418
1388
1095
1097
761
711
1184
1418
1190
736
703
693
690
705
685
688
700
705
714
704
710
693
698
690
711
703
699
707
699
704
707
690
693
704
692
695
704
697
710
693
705
708
690
711
695
700
681
698
702
695
695
765
1515
1336
1303
1415
1815
1053
1285
1476
1475
1405
1543
1700
1227
1395
1435
1470
1448
1435
1392
1352
1318
1281
1237
1154
743
709
695
704
1560
1394
1766
1319
1246
1180
1334
1333
1339
1295
1346
1454
1560
1149
1252
1345
1369
1325
1272
1081
989
739
699
694
685
692
702
702
710
700
697
685
699
693
705
714
697
705
695
713
1398
1056
694
1248
1437
1654
1120
1524
1815
926
699
709
705
698
693
683
709
695
693
702
707
709
687
751
1295
845
709
700
694
704
808
897
1340
1217
1068
737
693
698
698
687
702
708
688
703
706
699
703
693
707
691
697
697
703
701
761
1180
1127
1894
1329
1346
1567
842
722
699
683
699
701
684
703
693
700
719
696
703
698
698
680
715
697
706
706
707
711
694
689
696
696
709
708
695
708
691
705
705
701
688
714
688
707
697
694
705
696
706
692
701
704
694
1325
1235
2088
1269
1579
1013
1251
1464
1071
1089
1101
1103
894
730
1194
963
859
705
709
706
696
1040
840
1345
1078
1093
711
701
700
716
708
722
1350
1101
730
698
739
685
706
1414
777
708
706
683
698
684
693
688
699
698
694
694
694
699
687
698
709
707
709
697
708
692
701
1739
2201
1660
1857
1448
740
692
698
692
713
692
702
694
702
699
706
709
699
691
704
727
1109
1414
1406
1064
1078
1267
998
925
1129
1193
721
705
708
700
703
704
684
691
702
689
680
705
685
701
694
693
696
696
696
680
692
698
699
690
701
706
692
703
721
696
711
1346
1720
1410
1983
2570
2034
2296
2505
2732
2930
3147
3359
2739
2559
2628
2676
2728
2752
2759
2759
2317
2124
2144
2161
2184
2204
2250
2283
2321
2367
2405
2454
2505
2555
2597
2650
2698
2759
2821
2849
2861
2870
2900
2923
2928
2892
2849
2828
2799
2780
2817
2863
2924
2987
3036
3104
3167
3233
3291
3293
3330
3341
3362
3377
3385
