0
5
6
8
10
12
13
14
15
17
18
19
20
22
23
24
25
27
28
29
31
32
33
34
36
37
38
39
41
42
43
44
47
48
49
50
52
53
54
56
57
59
60
62
63
64
65
67
68
69
70
72
73
74
76
77
78
79
81
82
83
84
87
88
89
91
92
93
94
97
98
99
100
102
103
105
107
108
109
110
112
113
114
115
117
118
119
120
122
123
124
125
127
128
129
130
132
133
134
135
138
139
140
142
143
144
145
147
148
149
150
152
153
154
155
157
158
160
162
163
164
165
167
168
169
171
172
173
174
176
177
178
179
181
182
183
184
186
187
189
191
193
194
196
197
198
199
201
202
203
206
207
208
209
211
212
213
214
216
217
218
219
221
222
224
226
227
228
229
231
232
233
235
236
237
238
240
241
243
245
246
247
248
250
251
252
253
255
256
257
260
261
262
263
265
266
267
269
270
271
272
275
276
277
279
280
281
282
284
285
286
287
289
290
291
292
294
296
297
299
300
301
302
304
305
306
308
310
311
312
314
315
316
317
319
320
321
322
324
325
326
327
331
332
333
335
336
337
338
340
341
342
343
345
778
783
784
786
787
789
790
791
792
794
795
796
797
799
800
801
803
804
805
806
808
809
810
811
813
814
815
816
818
819
820
821
823
824
825
827
828
829
830
832
833
834
835
837
838
839
840
842
844
845
847
848
849
851
852
853
855
857
858
859
860
862
863
864
865
867
868
869
871
872
873
874
876
877
878
879
881
882
883
884
886
887
888
890
891
892
893
895
896
897
900
901
902
903
905
906
907
908
910
911
912
914
915
916
917
919
920
921
922
924
925
926
927
929
930
931
933
934
935
936
938
939
940
943
943
945
946
948
949
950
951
953
954
955
956
958
959
960
961
964
965
966
968
969
969
973
974
975
976
978
979
980
981
983
984
985
986
988
989
990
992
993
994
995
997
998
999
1000
1002
1003
1004
1005
1008
1009
1010
1012
1013
1014
1015
1017
1018
1019
1021
1022
1023
1024
1026
1027
1028
1029
1031
1032
1033
1034
1036
1037
1038
1039
1041
1042
1045
1046
1047
1048
1050
1052
1053
1055
1057
1058
1059
1061
1062
1063
1065
1066
1067
1068
1070
1071
1072
1073
1075
1077
1078
1080
1081
1082
1083
1085
1086
1087
1088
1090
1091
1092
1094
1095
1096
1097
1099
1100
1101
1102
1105
1106
1107
1109
1110
1111
1114
1115
1116
1117
1119
1120
1497
1502
1504
1505
1507
1508
1509
1510
1512
1513
1514
1516
1517
1518
1519
1521
1522
1523
1524
1526
1527
1528
1529
1531
1532
1533
1534
1536
1537
1538
1540
1541
1542
1543
1545
1546
1547
1548
1550
1551
1552
1553
1555
1556
1557
1559
1560
1561
1562
1564
1565
1566
1567
1569
1570
1571
1572
1574
1575
1576
1578
1579
1580
1581
1583
1585
1586
1587
1589
1590
1591
1593
1594
1595
1596
1598
1599
1600
1601
1603
1604
1605
1606
1608
1609
1610
1612
1613
1614
1615
1617
1618
1619
1620
1622
1623
1624
1625
1627
1628
1629
1630
1632
1633
1634
1636
1637
1638
1639
1641
1642
1643
1644
1646
1647
1648
1649
1651
1653
1654
1656
1657
1658
1660
1661
1662
1663
1665
1666
1667
1668
1670
1671
1672
1673
1675
1676
1677
1678
1680
1681
1682
1684
1685
1686
1687
1689
1690
1691
1692
1694
1695
1696
1698
1699
1700
1701
1704
1705
1706
1708
1709
1710
1711
1713
1714
1715
1717
1718
1719
1720
1722
1723
1724
1725
1727
1728
1729
1730
1732
1733
1734
1735
1737
1738
1739
1741
1742
1743
1744
1746
1747
1748
1749
1751
1752
1753
1754
1756
1757
1758
1760
1761
1762
1763
1765
1766
1767
1768
1770
1771
1772
1773
1775
1776
1777
1778
1780
1781
1782
1784
1785
1786
1787
1789
1790
1791
1792
1794
1795
1796
1797
1799
1800
1801
1802
1804
1805
1806
1808
1809
1810
1811
1813
1814
1815
1816
1818
1819
1820
1821
1823
1824
1825
1827
1828
1829
1830
1832
1833
1834
1835
1837
1838
1839
1840
1842
1843
1844
1845
1847
1848
1849
1851
1852
1853
1854
1856
1857
1858
1859
1861
1862
1863
1864
1866
1867
1868
1869
1871
1872
1873
1875
1876
1877
1878
1880
1881
1882
1883
1885
1886
1887
1888
1890
1890
1892
1893
1895
1896
1897
1899
1900
1901
1902
1904
1905
1906
1907
1909
1910
1911
1912
1914
1915
1916
1917
1919
1920
1921
1923
1924
1925
1926
1928
1929
1930
1931
1933
1934
1935
1936
1938
1939
1940
1941
1943
1944
1945
1947
1948
1949
1950
1952
1953
1954
1955
1957
1958
1959
1960
1962
1963
1964
1966
1967
1968
1969
1971
1972
1973
1974
1976
1977
1978
1979
1981
1982
1983
1984
1986
1987
1988
1990
1991
1992
1993
1995
1996
1997
1998
2000
2001
2002
2003
2005
2006
2007
2008
2010
2011
2012
2014
2015
2016
2017
2019
2020
2021
2022
2024
2025
2026
2027
2029
2030
2031
2032
2034
2035
2036
2038
2039
2040
2041
2043
2044
2045
2046
2048
2049
2050
2051
2053
2054
2055
2056
2058
2059
2060
2062
2063
2064
2065
2067
2068
2069
2070
2072
2073
2074
2075
2077
2078
2079
2081
2082
2083
2084
2086
2087
2088
2089
2091
2092
2093
2094
2097
2098
2099
2101
2102
2103
2104
2106
2107
2108
2109
2111
2112
2115
2116
2117
2118
2120
2121
2122
2123
2125
2126
2127
2128
2130
2131
2132
2133
2135
2136
2137
2139
2140
2141
2142
2144
2145
2146
2147
2150
2151
2152
2154
2155
2156
2157
2159
2160
2161
2162
2164
2165
2166
2167
2169
2170
2171
2173
2174
2175
2176
2178
2179
2180
2181
2183
2184
2185
2186
2188
2189
2190
2191
2193
2194
2195
2197
2198
2199
2200
2203
2204
2205
2207
2208
2209
2210
2212
2213
2214
2215
2217
2218
2219
2221
2222
2223
2224
2226
2227
2228
2229
2231
2232
2233
2234
2236
2237
2238
2239
2241
2242
2243
2245
2246
2247
2248
2250
2251
2252
2253
2255
2256
2257
2258
2260
2261
2262
2263
2265
2266
2267
2269
2270
2271
2272
2274
2275
2276
2277
2279
2280
2281
2282
2284
2285
2286
2288
2289
2290
2291
2293
2294
2295
2296
2298
2299
2300
2301
2303
2304
2305
2306
2308
2309
2310
2312
2313
2314
2315
2317
2318
2319
2320
2322
2323
2324
2325
2327
2328
2329
2330
2332
2333
2334
2336
2337
2338
2339
2341
2342
2343
2344
2346
2347
2348
2349
2351
2352
2353
2355
2356
2357
2358
2360
2361
2362
2363
2365
2366
2367
2369
2370
2371
2372
2374
2375
2376
2377
2379
2380
2381
2382
2384
2385
2386
2387
2389
2390
2391
2393
2394
2395
2396
2398
2399
2400
2401
2403
2405
2406
2408
2409
2410
2411
2413
2414
2415
2416
2418
2419
2420
2422
2423
2424
2425
2427
2428
2429
2430
2432
2433
2434
2435
2437
2438
2439
2440
2442
2443
2444
2446
2447
2448
2449
2451
2452
2453
2454
2456
2457
2458
2461
2462
2463
2464
2466
2467
2468
2469
2471
2472
2473
2474
2476
2477
2478
2480
2481
2482
2483
2485
2486
2487
2488
2490
2491
2492
2494
2495
2496
2497
2499
2500
2501
2502
2504
2505
2506
2507
2509
2510
2511
2513
2514
2515
2516
2518
2519
2520
2521
2523
2524
2525
2526
2528
2529
2530
2531
2533
2534
2535
2537
2538
2539
2540
2542
2543
2544
2547
2548
2549
2550
2552
2553
2554
2556
2557
2558
2559
2561
2562
2563
2564
2566
2567
2568
2569
2572
2573
2574
2576
2577
2578
2579
2581
2582
2583
2584
2586
2587
2588
2590
2591
2592
2593
2596
2597
2598
2600
2601
2602
2603
2605
2606
2607
2608
2610
2611
2612
2613
2615
2616
2617
2619
2620
2621
2622
2624
2625
2626
2627
2629
2630
2631
2632
2634
2635
2636
2639
2640
2641
2642
2644
2645
2646
2647
2649
2650
2651
2653
2654
2655
2656
2658
2659
2660
2661
2663
3000
3007
3008
3010
3012
3013
3016
3018
3020
3021
3022
3023
3025
3026
3027
3030
3032
3033
3035
3036
3037
3038
3040
3041
3043
3045
3047
3052
3053
3057
3058
3059
3060
3062
3063
3064
3067
3068
3070
3075
3080
3087
3094
3095
3096
3099
3100
3101
3107
3109
3118
3119
3121
3122
3123
3124
3126
3127
3128
3130
3141
3143
3151
3152
3157
3158
3159
3161
3162
3165
3177
3182
3184
3185
3187
3188
3189
3190
3192
3193
3194
3196
3197
3198
3199
3201
3202
3203
3204
3206
3207
3208
3209
3211
3212
3213
3215
3216
3217
3218
3220
3221
3222
3223
3225
3226
3227
3228
3230
3231
3232
3233
3235
3236
3237
3239
3240
3241
3242
3244
3245
3246
3247
3249
3250
3251
3252
3254
3255
3256
3257
3259
3260
3261
3263
3264
3265
3266
3268
3269
3270
3271
3273
3274
3275
3276
3278
3279
3280
3282
3283
3284
3285
3287
3288
3289
3290
3292
3293
3294
3295
3297
3298
3299
3300
3302
3303
3304
3306
3307
3308
3309
3311
3312
3313
3314
3316
3317
3318
3319
3321
3322
3323
3325
3326
3327
3328
3330
3331
3332
3333
3335
3336
3337
3340
3341
3342
3343
3345
3346
3347
3349
3350
3351
3352
3354
3355
3356
3357
3359
3360
3361
3362
3364
3365
3366
3368
3369
3370
3372
3374
3375
3376
3377
3379
3380
3381
3383
3384
3385
3386
3388
3389
3390
3391
3393
3394
3395
3397
3398
3399
3400
3402
3403
3404
3405
3407
3408
3409
3410
3412
3414
3415
3417
3418
3419
3420
3422
3423
3424
3425
3427
3428
3429
3430
3432
3433
3434
3436
3437
3438
3439
3441
3442
3443
3444
3446
3447
3448
3449
3451
3452
3453
3456
3457
3458
3460
3462
3463
3464
3465
3467
3468
3469
3470
3472
3473
3475
3477
3478
3479
3480
3482
3483
3484
3485
3487
3488
3489
3491
3492
3493
3494
3496
3497
3498
3499
3501
3502
3503
3505
3507
3509
3511
3513
3514
3515
3518
3519
3521
3523
3525
3526
3528
3529
3530
3531
3533
3535
3536
3539
3540
3541
3543
3544
3545
3546
3548
3549
3550
3551
3553
3554
3555
3556
3558
3559
3560
3562
3563
3564
3565
3567
3568
3569
3572
3573
3575
3577
3579
3580
3582
3583
3585
3588
3590
3591
3593
3594
3595
3597
3598
3599
3600
3603
3604
3605
3607
3609
3613
3614
3615
3616
3619
3620
3621
3623
3625
3627
3628
3630
3631
3632
3633
3635
3636
3637
3638
3641
3642
3643
3645
3647
3648
3650
3652
3653
3654
3656
3657
3658
3661
3662
3663
3666
3667
3669
3671
3673
3674
3675
3678
3679
3680
3683
3684
3685
3688
3689
3690
3691
3693
3694
3695
3696
3698
3699
3700
3702
3703
3704
3705
3707
3708
3709
3710
3712
3713
3714
3715
3717
3718
3719
3721
3722
3723
3724
3726
3727
3728
3729
3732
3733
3734
3736
3737
3738
3739
3741
3742
3743
3744
3746
3747
3748
3749
3751
3752
3753
3755
3756
3757
3758
3760
3761
3762
3763
3765
3766
3767
3768
3770
3771
3772
3774
3775
3776
3777
3779
3780
3781
3782
3785
3786
3787
3789
3790
3791
3792
3794
3796
3797
3798
3800
3801
3802
3804
3805
3806
3807
3809
3810
3811
3812
3815
3816
3817
3819
3820
3821
3822
3824
3825
3826
3827
3829
3830
3831
3833
3834
3835
3836
3838
3839
3840
3841
3843
3844
3845
3846
3848
3849
3850
3851
3853
3854
3855
3857
3858
3859
3860
3862
3863
3864
3865
3867
3868
3869
3871
3872
3873
3874
3876
3877
3878
3879
3881
3882
3883
3884
3886
3887
3888
3889
3891
3892
3893
3895
3896
3897
3898
3900
3901
3902
3903
3905
3906
3907
3908
3910
